laci;2025. 11. 13.;150;80;170
Dunka;2001. 11. 11.;57;98;78
Lacibá;2000. 11. 18.;120;100;90
lacos;2025. 11. 20.;50050;10;1523
Laci;2025-12-20;17;42;3
Laci;2025-09-21;8;23;15
Laci;2025-11-22;4;31;9
Laci;2025-10-20;12;7;28
Laci;2025-11-21;19;5;11
Laci;2025-08-22;2;14;6
PDD1;2025. 11. 24.;201;123;111
PDD1;2025. 11. 25.;170;110;89
PDD1;2025. 11. 25.;145;78;120
PDD1;2025. 11. 21.;134;78;120
PDD1;2025. 11. 25.;130;54;89
PDD1;2025. 11. 25.;123;123;123
PDD1;2025. 11. 25.;120;78;91
PDD1;2025. 11. 25.;120;76;91
PDD1;2025. 11. 20.;120;97;89
PDD1;2025. 11. 17.;120;67;87
PDD1;2025. 11. 19.;115;100;95
PDD1;2025. 11. 18.;112;98;84
PDD1;2025. 11. 25.;108;13;89
Teszt1;2025. 11. 25.;100;70;89
PDD1;2025. 11. 25.;100;144111;80
